3.197689324399333373e+02
1.395248713836989225e+02
5.926689754735832594e+01
3.040034285740592424e+01
1.833517725040883306e+01
1.245585029946978217e+01
7.423614195277112415e+00
4.196395152513073157e+00
3.460256348304898477e+00
2.802665190002653350e+00
2.362560120674769948e+00
1.797507713098247528e+00
1.428134338795620017e+00
9.433451651678397276e-01
8.360191508961012374e-01
5.650988757733770296e-01
4.833029304870529730e-01
3.835535734433840882e-01
3.352638542344268391e-01
2.660125863511160760e-01
2.211578560566166973e-01
1.673200149238184553e-01
1.486875357024500244e-01
1.276204881956098380e-01
1.164555706616823977e-01
7.731753823158366012e-02
3.912156271725900081e-02
3.049516832128970276e-02
2.059789180197132974e-02
1.500885300066013769e-02
1.121672984517377639e-02
9.394358021642445003e-03
3.188546994541469146e-03
2.663407168880100890e-03
2.344999706204612105e-03
1.501031997597463081e-03
1.265415570053704097e-03
1.072354887205390506e-03
8.560465840874131567e-04
6.878299125098770580e-04
6.417317661349708794e-04
5.440680994723604523e-04
4.582873161518340264e-04
3.045430890699214158e-04
2.744720287874434549e-04
2.328676503990813990e-04
2.042195807167253351e-04
1.955390775256552740e-04
1.708893156943645266e-04
1.216040105633343156e-04
1.017109615225532827e-04
9.221763467912638115e-05
7.159168133525503305e-05
6.003619954712247731e-05
5.188614252835163345e-05
4.244141034458213458e-05
2.843982325212100805e-05
2.441791385297281764e-05
2.219698030128767425e-05
1.734781818156978206e-05
1.700844343019904413e-05
1.162637618116463025e-05
8.855014495031294995e-06
6.434580357902565257e-06
4.789889132877588436e-06
2.968772376553998105e-06
6.318593625010745523e-08
